4 0.5237237237237238 0.8265765765765765 0.09369369369369357 0.09819819819819822
4 0.8144144144144143 0.8495495495495494 0.12492492492492492 0.13153153153153152
5 0.44625316715693364 0.9228076440563803 0.19579579579579554 0.02345981677439333
5 0.5367090111505335 0.718774504128796 0.1489489489489487 0.016292989500015974
5 0.7219910667875326 0.8205249543055545 0.02247430079665965 0.12440399114903038
3 0.45542561853094854 0.39507195805691275 0.7351313183072528 0.37327619770494924
3 0.8457261083958916 0.0999999999999999 0.30494417960461084 0.1097892157845395
3 0.46596812812026855 0.10380839901964314 0.2219062132889535 0.09918535290945667
3 0.18958916947534085 0.0830229788371998 0.22020437796802672 0.08910343816102387
1 0.8505286686970362 0.30525301955713263 0.16758850714621526 0.21580858596725974
