3 0.4076690347517291 0.4243188698284557 0.43592334896435164 0.2452068617558019
5 0.7850655903128154 0.47527749747729575 0.030945173225697856 0.16145307769929368
1 0.2226706999800507 0.8425832375591464 0.31348805919946177 0.3148335248817068
1 0.8785738311469896 0.3703329969727548 0.12647157753111343 0.13118062563067615
1 0.12176252943155061 0.343087790110999 0.06323578876555669 0.09081735620585263
3 0.9593003699966364 0.25277497477295663 0.07534476959300378 0.06155398587285571
3 0.9054826774302052 0.22603430877901112 0.05112680793810966 0.05852674066599395
3 0.05852674066599395 0.27447023208879917 0.10359905819038008 0.05449041372351157
3 0.13790783720148 0.26084762865792127 0.055163134880591984 0.053481331987891
3 0.051799529095190054 0.40918264379414737 0.10090817356205854 0.20484359233097885
4 0.08812647157753112 0.5196771113706647 0.057854019508913564 0.020181634712411734
