1 0.21741741741741727 0.8567567567567567 0.43483483483483454 0.2864864864864859
5 0.96807784850923 0.3962622332025172 0.01843492145147026 0.09018477082555472
5 0.916767459802029 0.3916503384378052 0.1172772447684999 0.016986736662341507
0 0.6922880920316746 0.3964065955650414 0.23143076283705097 0.19683306034505296
4 0.73241034728399 0.5606279636676662 0.09355412924311297 0.09711864671337558
5 0.31344990151229185 0.5431929688149455 0.024219918871675558 0.14448603424877943
0 0.16917704664619448 0.656941376282001 0.2821525796150814 0.2306283002986761
5 0.4445762109552189 0.5210163420526832 0.02234643452184182 0.10497935130794865
3 0.218018018018018 0.1788288288288288 0.436036036036036 0.3576576576576576
3 0.8699699699699694 0.18963963963963926 0.2600600600600602 0.3792792792792785
5 0.7910392557421919 0.48314407226909917 0.1956194421337486 0.0157039605151068
