3 0.8728506787330309 0.049321266968325776 0.2542986425339364 0.09864253393665155
3 0.61236802413273 0.03891402714932127 0.17013574660633504 0.07782805429864253
3 0.4108597285067872 0.01764705882352941 0.11221719457013575 0.03529411764705882
3 0.3746606334841629 0.3126696832579186 0.49592760180995477 0.4081447963800906
1 0.7137254901960786 0.23438914027149324 0.203921568627451 0.2352941176470588
1 0.4150829562594268 0.14841628959276018 0.1761689291101056 0.08325791855203621
4 0.9393665158371042 0.15248868778280542 0.0542986425339366 0.020814479638009045
4 0.04886877828054299 0.7873303167420815 0.09773755656108599 0.09230769230769226
5 0.3378582202111614 0.685972850678733 0.13273001508295626 0.05972850678733039
5 0.45128205128205123 0.639366515837104 0.03378582202111609 0.09502262443438908
0 0.7330316742081442 0.6108597285067876 0.3149321266968326 0.1701357466063349
3 0.06636500754147816 0.14705882352941177 0.13273001508295632 0.19457013574660637
3 0.11282051282051282 0.5171945701357467 0.22564102564102564 0.45339366515837115
1 0.8843137254901962 0.4723981900452489 0.23137254901960774 0.15746606334841629
