2 0.6444844124700241 0.4982014388489209 0.12110311750599528 0.22841726618705033
2 0.6606714628297362 0.25404676258992803 0.12709832134292567 0.25269784172661863
2 0.3908872901678658 0.4694244604316547 0.09832134292565954 0.1960431654676259
2 0.4628297362110315 0.43300359712230213 0.0551558752997601 0.13219424460431656
2 0.2913669064748203 0.49505395683453246 0.09832134292565939 0.07464028776978436
4 0.05755395683453236 0.48651079136690645 0.08153477218225419 0.03417266187050355
4 0.7565947242206235 0.5301258992805755 0.10791366906474814 0.06744604316546775
5 0.03177458033573142 0.5206834532374099 0.017985611510791366 0.03776978417266186
3 0.23321342925659475 0.2414568345323741 0.4664268585131895 0.25089928057553984
3 0.8393285371702642 0.2868705035971226 0.10311750599520363 0.16007194244604295
