3 0.5067873303167422 0.2552036199095022 0.709502262443439 0.23529411764705863
3 0.8120663650075415 0.09321266968325792 0.2509803921568627 0.07963800904977376
3 0.47843137254901963 0.10226244343891402 0.2618401206636501 0.07782805429864253
3 0.03076923076923077 0.07873303167420814 0.06153846153846154 0.061538461538461535
3 0.8476621417797889 0.033936651583710405 0.13393665158371035 0.035294117647058816
5 0.7095022624434388 0.5230769230769231 0.09894419306184017 0.04162895927601812
1 0.4518853695324283 0.7751131221719457 0.4959276018099547 0.43710407239819005
5 0.38853695324283555 0.5271493212669683 0.043438914027149556 0.053393665158370955
5 0.47541478129713427 0.43936651583710407 0.06274509803921567 0.0425339366515837
0 0.4898944193061839 0.534841628959276 0.1689291101055805 0.10678733031674181
4 0.6702865761689296 0.4692307692307693 0.07360482654600248 0.035294117647059066
