3 0.05635491606714628 0.5503597122302155 0.10791366906474818 0.06294964028776935
3 0.1936450839328537 0.48246402877697847 0.0995203836930456 0.06205035971223014
3 0.32134292565947237 0.4195143884892086 0.09112709832134314 0.05485611510791358
3 0.43585131894484413 0.3637589928057553 0.08033573141486809 0.05125899280575539
3 0.540767386091127 0.31250000000000006 0.0791366906474822 0.051258992805755466
3 0.8764988009592328 0.14658273381294962 0.05995203836930445 0.03417266187050357
0 0.19004796163069543 0.3547661870503597 0.07074340527577934 0.0476618705035972
0 0.27697841726618705 0.3147482014388489 0.06954436450839332 0.04856115107913661
0 0.4382494004796163 0.2441546762589928 0.06115107913669064 0.05125899280575538
0 0.5095923261390887 0.21133093525179855 0.0575539568345323 0.0431654676258993
0 0.8693045563549157 0.05575539568345322 0.04556354916067132 0.04316546762589926
0 0.8225419664268583 0.07464028776978417 0.04556354916067206 0.050359712230215806
0 0.7116306954436448 0.12455035971223025 0.044364508393285235 0.04586330935251803
0 0.6492805755395682 0.14928057553956833 0.0515587529976019 0.04136690647482008
0 0.9652278177458037 0.017086330935251793 0.03836930455635416 0.034172661870503586
