0 0.3416142086330936 0.01753597122302158 0.034397482014388615 0.03507194244604316
0 0.533498201438849 0.21357913669064751 0.039118705035971285 0.06924460431654676
0 0.660296762589928 0.3534172661870501 0.04586330935251819 0.06115107913669062
0 0.7196492805755393 0.4222122302158273 0.04451438848920905 0.056654676258992766
0 0.8440872302158275 0.5607014388489209 0.04788669064748206 0.051258992805755355
0 0.9054631294964034 0.629046762589928 0.04923561151079204 0.049460431654676305
3 0.5594649280575539 0.39793165467625896 0.06677158273381284 0.0782374100719424
3 0.6417491007194245 0.4910071942446044 0.06812050359712238 0.07733812949640288
3 0.7257194244604315 0.5863309352517986 0.07014388489208628 0.07553956834532372
3 0.8093525179856109 0.676708633093525 0.0660971223021583 0.07284172661870517
