6 0.5617505995203825 0.19046407681097796 0.03477218225419664 0.04533083918379945
6 0.5305755395683451 0.18749999999999997 0.027577937649879907 0.044064748201438755
0 0.5652878148270263 0.3013366917285104 0.02612485518722508 0.02432314103638202
0 0.5643869577516046 0.340186153106065 0.029728283488911274 0.020944927003551186
3 0.5612339579876293 0.3891702565821122 0.02702571226264669 0.05134885329902872
3 0.5594322438367861 0.4499781091730671 0.027025712262646735 0.05134885329902865
3 0.5549279584596785 0.5715938143549772 0.027025712262646665 0.045943710846499425
2 0.5378116740266689 0.6307125599295168 0.043241139620234674 0.04256549681366842
0 0.5504687159363418 0.6956418336405256 0.030719226271875046 0.020809798442237907
0 0.5494777731533782 0.738747844699447 0.024773569574092776 0.020809798442237907
