3 0.1666666666666667 0.4100719424460431 0.11031175059952042 0.03237410071942446
3 0.32733812949640284 0.39973021582733814 0.11031175059952034 0.035071942446043086
3 0.4862110311750601 0.38938848920863306 0.10911270983213439 0.03597122302158276
3 0.6366906474820143 0.3772482014388489 0.105515587529976 0.03687050359712231
3 0.7865707434052758 0.3682553956834532 0.10071942446043167 0.03327338129496404
0 0.03537170263788969 0.30620503597122295 0.0683453237410072 0.049460431654676146
0 0.15107913669064751 0.2985611510791366 0.0719424460431654 0.05215827338129482
0 0.39268585131894473 0.2841726618705035 0.06594724220623517 0.05395683453237406
0 0.5047961630695441 0.2778776978417268 0.06235011990407683 0.05215827338129498
0 0.7260191846522784 0.26663669064748186 0.061151079136690364 0.04946043165467629
0 0.8273381294964028 0.259892086330935 0.059952038369304544 0.048561151079136645
