0 0.2523980815347722 0.26393884892086333 0.04436450839328536 0.04046762589928054
0 0.1648681055155876 0.29181654676258995 0.05155875299760195 0.0422661870503597
0 0.2661870503597123 0.31969424460431645 0.050359712230215986 0.03507194244604324
0 0.17865707434052758 0.34712230215827306 0.05515587529976017 0.03776978417266186
0 0.08093525179856115 0.5184352517985613 0.05635491606714626 0.04226618705035995
0 0.36330935251798563 0.4442446043165467 0.05275779376498807 0.03597122302158275
0 0.2757793764988011 0.46537769784172667 0.05035971223021571 0.03866906474820139
0 0.5371702637889688 0.3961330935251797 0.05275779376498777 0.036870503597122295
0 0.6193045563549159 0.3736510791366907 0.04676258992805777 0.042266187050359755
0 0.7793764988009592 0.3291366906474821 0.0503597122302159 0.039568345323740955
0 0.855515587529976 0.3120503597122302 0.04196642685851316 0.03776978417266186
3 0.07314148681055158 0.5665467625899282 0.09352517985611514 0.03956834532374077
3 0.4628297362110312 0.45818345323741 0.0863309352517983 0.03507194244604308
3 0.5803357314148679 0.4271582733812949 0.0863309352517986 0.03597122302158275
