0 0.13393393393393394 0.3202702702702702 0.05885885885885884 0.03693693693693685
0 0.24264264264264263 0.3207207207207208 0.05285285285285287 0.04504504504504503
0 0.4732732732732731 0.3171171171171171 0.062462462462462426 0.05045045045045042
0 0.5873873873873875 0.31846846846846844 0.0624624624624625 0.05135135135135133
0 0.8210210210210209 0.3175675675675676 0.05645645645645644 0.04954954954954957
0 0.9339339339339339 0.318018018018018 0.06126126126126124 0.048648648648648665
3 0.24744744744744743 0.43288288288288285 0.1081081081081081 0.033333333333333354
3 0.4036036036036036 0.4328828828828828 0.10570570570570564 0.03513513513513516
3 0.563963963963964 0.4333333333333333 0.11171171171171167 0.034234234234234225
3 0.7231231231231231 0.43288288288288285 0.10810810810810821 0.033333333333333354
3 0.8882882882882882 0.4337837837837838 0.11171171171171167 0.03513513513513516
