0 0.9786420863309351 0.5944244604316544 0.041816546762589904 0.050359712230215604
0 0.8626348920863305 0.46852517985611486 0.043165467625899574 0.05755395683453199
0 0.8069919064748201 0.4118705035971224 0.04383992805755384 0.053956834532374154
0 0.6839028776978415 0.2846223021582733 0.04181654676259 0.05845323741007189
0 0.624213129496403 0.22122302158273377 0.04383992805755386 0.05755395683453238
0 0.43098021582733814 0.02787769784172662 0.044514388489208544 0.053956834532374105
0 0.49505395683453235 0.08453237410071943 0.04181654676258995 0.06115107913669065
3 0.4373875899280575 0.1875 0.06677158273381295 0.08363309352517985
3 0.5243929856115108 0.2760791366906475 0.06677158273381295 0.07913669064748198
3 0.6090377697841727 0.3624100719424461 0.0647482014388491 0.0773381294964029
3 0.6940197841726621 0.44964028776978415 0.06474820143884882 0.07374100719424458
3 0.7759667266187051 0.5314748201438848 0.0640737410071943 0.07014388489208634
