3 0.5099099099099098 0.6824324324324326 0.10450450450450452 0.02432432432432436
3 0.6570570570570571 0.6720720720720721 0.09609609609609614 0.027027027027026945
3 0.8012012012012012 0.6630630630630631 0.09369369369369367 0.025225225225225217
3 0.1945945945945946 0.7027027027027027 0.06966966966966966 0.019819819819819885
3 0.3945945945945946 0.6882882882882881 0.03723723723723722 0.021621621621621755
0 0.4252252252252252 0.631981981981982 0.06006006006006004 0.033333333333333354
0 0.5333333333333333 0.6243243243243244 0.05045045045045036 0.03603603603603602
0 0.7537537537537538 0.6130630630630631 0.054054054054053904 0.03333333333333344
0 0.8570570570570569 0.6076576576576577 0.049249249249249234 0.031531531531531556
0 0.0870870870870871 0.6509009009009009 0.05165165165165165 0.033333333333333354
0 0.2024024024024024 0.6432432432432432 0.051651651651651635 0.02882882882882896
